,,W0,W1,W2,W3,W4,W5,W6
F0,S0,7.033094586705262e-08,6.436061178699179e-08,4.9026816557873204e-08,1.8172629979595854e-08,7.867559643496919e-08,8.443160702740484e-08,7.525850845621592e-08
F0,S1,4.0161570021258966e-08,8.000464263494527e-08,4.098598792697356e-08,2.0037010036911806e-08,5.190983848442755e-08,7.629219104892597e-08,7.353296660993863e-08
F0,S2,3.05789518346615e-08,6.14520158228025e-08,2.939576730637395e-08,1.675717644071405e-08,4.0667564862754624e-08,5.379842722533053e-08,5.331669859172015e-08
F0,S3,3.778940558196016e-08,7.216794657368968e-08,3.863523811779972e-08,1.6989647194698747e-08,4.99555245744825e-08,6.802027560316559e-08,6.386300151908164e-08
F0,S4,4.795714601432926e-08,1.0077955929690658e-07,4.567180138610508e-08,2.1181203943483207e-08,5.783889426748331e-08,1.3268754117460015e-07,7.797982001508387e-08
F0,S5,4.070401058394e-08,7.198324612306736e-08,3.854267422115874e-08,2.2725363571155163e-08,5.096806767764118e-08,6.972432075728259e-08,7.776129711198635e-08
F0,S6,3.539806867972828e-08,5.280380808610226e-08,3.477110949473997e-08,1.8112998304485393e-08,4.906788092332263e-08,5.289350089478636e-08,6.42214852042077e-08
F0,S7,3.205601734989242e-08,5.2190835314594586e-08,2.8042453065697377e-08,1.6818779709044612e-08,4.084938987984618e-08,4.833983054720202e-08,5.284804676188393e-08
F0,S8,3.3066604817380415e-08,5.7307695006527624e-08,2.994650205100662e-08,1.9386618722643112e-08,4.229454705268598e-08,5.559587201175722e-08,6.007560843147126e-08
F0,S9,5.223284711880226e-08,7.795836943780306e-08,5.705955204123723e-08,1.9381967350879058e-08,7.193475385657665e-08,9.045901140941482e-08,8.203217893954443e-08
F0,S10,3.908340807175105e-08,5.60342620523511e-08,3.394622974306775e-08,1.7503728878755124e-08,4.919153254147463e-08,5.6803344393298765e-08,6.212468595039387e-08
F0,S11,8.658927981537005e-08,7.975442557115611e-08,5.564170516987426e-08,3.561651484194556e-08,8.942901022035521e-08,1.0643599786987763e-07,1.0679015458817431e-07
F0,S12,2.901466988794813e-08,5.445050377465055e-08,2.61907776185554e-08,1.4550407980086721e-08,3.770241650204035e-08,5.190066709855864e-08,4.7344255373783916e-08
F0,S13,3.429258031386261e-08,5.438119845616251e-08,3.021641701411528e-08,1.595562718759139e-08,4.411006562879053e-08,5.297462718015136e-08,5.3874437222969e-08
F0,S14,5.610975750158283e-08,6.293840259643362e-08,4.7017300663577324e-08,2.326562662928906e-08,7.102370962452548e-08,6.577267077121457e-08,7.870328718925729e-08
F0,S15,3.411743204342542e-08,8.127868551353734e-08,3.549859443924858e-08,1.739271999542602e-08,4.4654041955682274e-08,7.462560450525211e-08,6.343789479283386e-08
F0,S16,4.6188886075107736e-08,6.47878294434358e-08,4.275082503363543e-08,2.6092671543518393e-08,6.061841415733092e-08,6.189230255798602e-08,7.97352053422322e-08
F0,S17,5.107304589686118e-08,6.034979723072542e-08,3.9786990180272316e-08,1.8837641151677374e-08,6.241417416866696e-08,6.716469871310342e-08,6.673589480749216e-08
F0,S18,3.643364442524428e-08,4.828446781340569e-08,2.991054804561447e-08,1.5282723318415838e-08,4.621780098502632e-08,4.917533403471913e-08,5.2411182866204344e-08
F0,S19,4.3949006689580276e-08,6.754541366551768e-08,3.897891457849924e-08,2.3492045905511328e-08,5.5143107921296757e-08,6.783521823951812e-08,7.096152049808874e-08
F0,S20,5.9732691628279e-08,7.305878621763087e-08,6.111510886621648e-08,2.6550628680490958e-08,8.212625563561763e-08,7.218520924577608e-08,1.0032681125059897e-07
F0,S21,6.129509721110622e-08,5.611255292476891e-08,6.876580253885825e-08,2.4820139837019907e-08,9.412664702227662e-08,6.84994086663226e-08,1.0160448902954215e-07
F0,S22,6.805407647347898e-08,8.304024129552075e-08,6.287351155018556e-08,2.441026662862889e-08,8.971618664377807e-08,1.1870397909883544e-07,9.33011007155977e-08
F0,S23,2.952721867912858e-08,4.847643013789845e-08,2.5699511930151868e-08,1.4929634095204688e-08,3.7871869748607326e-08,4.607387571683591e-08,4.85689729055135e-08
F0,S24,4.421464646288598e-08,6.103532052203137e-08,4.47373853418828e-08,2.0943974898579148e-08,6.233422624557899e-08,6.332028336118256e-08,7.53230162911719e-08
F0,S25,3.380197891800119e-08,5.7366099342635826e-08,3.200995523582027e-08,1.558607795851938e-08,4.4766185507975765e-08,5.6359697467596726e-08,5.6342276016425475e-08
F0,S26,4.7662425026689605e-08,5.484665328792837e-08,4.102092328458816e-08,2.2501613628756316e-08,6.072948827363112e-08,6.297759218068209e-08,8.283227793299836e-08
F0,S27,1.3077265452108272e-07,8.30764496206415e-08,2.202753976297635e-07,3.769998407695652e-08,1.9140311945649794e-07,2.9616842594676095e-07,7.375758806378089e-07
F0,S28,5.6017884837159285e-08,7.392795737229102e-08,5.491130977965657e-08,2.972053307831237e-08,7.444507799411735e-08,7.227254292695168e-08,9.846500075510963e-08
F0,S29,3.8362978150528274e-08,4.957404237388976e-08,3.108265353002586e-08,1.576170889711383e-08,4.796381597619688e-08,5.0663314656047746e-08,5.50350597456268e-08
F0,S30,3.379922927169616e-08,6.523479566768448e-08,3.040881559229657e-08,1.6562456121067097e-08,4.3823423936092394e-08,6.945641044993252e-08,5.413689010087049e-08
F0,S31,5.098712888538133e-08,5.4054476219293536e-08,4.726422673109084e-08,1.7607131481078717e-08,7.139456610376957e-08,5.716194266268195e-08,6.767925411915968e-08
F0,S32,4.5251405817065874e-08,1.140838724198559e-07,5.465492170591858e-08,1.8669371375068478e-08,6.831021160085364e-08,1.3213451884882155e-07,6.977215562925353e-08
F0,S33,4.531524386241357e-08,9.557675208145079e-08,4.4519342475572915e-08,1.8831089262898582e-08,6.011773239785634e-08,8.842877226511198e-08,6.460427243459562e-08
F0,S34,6.543942219612008e-08,9.904860567758508e-08,5.4026872386160776e-08,2.983676579574004e-08,7.522371325277606e-08,1.0532079058331394e-07,9.086757989862809e-08
F0,S35,5.707445329639866e-08,1.3257418089321308e-07,1.6990840992030693e-07,2.685751833559123e-08,1.146184743547032e-07,1.8922981053936467e-07,1.74450035117487e-07
F0,S36,4.721716302960394e-08,5.892926831928165e-08,4.481401954707496e-08,2.135335870722605e-08,6.307897378047811e-08,7.068175762082984e-08,8.415958232667862e-08
F0,S37,4.3929876964946965e-08,6.060602513808829e-08,3.99495639779839e-08,2.0763812114780845e-08,5.4850058917703537e-08,6.559205405098622e-08,8.127403246845402e-08
F0,S38,4.93699052665792e-08,8.087993317901666e-08,5.3039564252483446e-08,6.151297930226303e-08,6.045540017928342e-08,1.0193036823872386e-07,2.3282223547662144e-07
F0,S39,5.360940007690732e-08,6.905390988470306e-08,4.495677452113502e-08,2.1261920058143375e-08,6.69161220290467e-08,7.78573749831885e-08,7.948076465398391e-08
F0,S40,3.456901975513726e-08,7.240451495900144e-08,3.471422015646681e-08,1.723892488901496e-08,4.521312360514675e-08,7.14208045573591e-08,6.211973134206169e-08
F0,S41,3.042184665286421e-08,6.211026825507644e-08,2.840815354163185e-08,1.4887144469133336e-08,4.011090803962153e-08,5.535681230695038e-08,4.8872566160318896e-08
F0,S42,6.77514506730817e-08,1.1714877107480642e-07,1.372524145190792e-07,2.3675278679684457e-08,1.2684799443930914e-07,1.7026961970923643e-07,1.1382502564912881e-07
F0,S43,3.3113925887797904e-08,4.9329732230817087e-08,2.757308157582004e-08,1.4989591337609005e-08,4.180696622099535e-08,4.9976111851653356e-08,4.97175641350767e-08
F0,S44,3.6612588777372666e-08,4.983579497669839e-08,2.987274885006141e-08,1.6332167389745972e-08,4.51114563463383e-08,5.134680999870838e-08,5.546950411881453e-08
F0,S45,3.865632538952954e-08,8.363033791834344e-08,4.276313965239113e-08,2.0977668332079602e-08,5.349811442349728e-08,8.240624798756548e-08,7.714152252282938e-08
F0,S46,3.02439350631039e-08,4.893178304933891e-08,2.5744372759098773e-08,1.6786692954199884e-08,3.7913821663619785e-08,4.5803538634262515e-08,5.094070848654569e-08
F0,S47,5.057328031056429e-08,8.243855959726468e-08,4.497088337998619e-08,3.129619185502554e-08,6.0293309679842e-08,8.960548762836329e-08,9.392986618071468e-08
F0,S48,3.5747470490569686e-08,5.257362159410872e-08,3.255344299814561e-08,1.762053708724502e-08,4.7277558636225213e-08,4.7978985282623615e-08,5.653033171264102e-08
F0,S49,4.12828277098209e-08,6.804024899694084e-08,3.957051982995516e-08,1.894571646662261e-08,5.538513991066455e-08,6.699167089962564e-08,6.381074968063261e-08
F0,S50,4.2802790995668815e-08,6.177942916384577e-08,3.725193590664621e-08,2.368235292869892e-08,5.2223768260377e-08,6.812448311414137e-08,7.966410636343948e-08
F0,S51,3.2596059450802494e-08,4.914046724242447e-08,2.8032511196557704e-08,1.730834225325565e-08,4.14877284071911e-08,4.815371062559804e-08,5.3973258737093675e-08
F0,S52,6.238458370366648e-08,6.395880010971352e-08,4.531011238329269e-08,2.0609529262226114e-08,7.368807116161936e-08,8.357659031692852e-08,7.539726934334649e-08
F0,S53,4.557793733693598e-08,9.198322987196726e-08,3.67353693503714e-08,3.143410443541934e-08,5.0442883216837407e-08,1.2104954105656636e-07,8.560734479554872e-08
F0,S54,3.690624544366048e-08,5.82971520959909e-08,3.138418886578242e-08,1.8036101465170304e-08,4.583055438332807e-08,6.060091558176856e-08,5.712771951876336e-08
F0,S55,4.611191960151454e-08,5.7793713924332465e-08,3.975579001210914e-08,1.7750125646192552e-08,5.976396134367775e-08,5.7026092199927165e-08,6.229499963396422e-08
F0,S56,3.446465284353313e-08,5.2482112557459444e-08,2.959185579086113e-08,1.5849001204027425e-08,4.360639233186358e-08,5.179430910088484e-08,5.261037347550305e-08
F0,S57,5.789806357987006e-08,1.268018378336e-07,6.262828539294467e-08,2.099581688673062e-08,7.559254182964914e-08,1.79279456836008e-07,8.558022271735219e-08
F0,S58,4.719717168482812e-08,5.9196585801524945e-08,3.6937722047798453e-08,2.102160117878945e-08,5.6083349425468344e-08,5.8149551742883795e-08,6.309391010798659e-08
F0,S59,7.67892261091885e-08,7.434216169291735e-08,6.458986721565421e-08,3.7041362148388086e-08,8.7030941992665e-08,9.599990753597274e-08,1.46401158692951e-07
F0,S60,5.18381696470527e-08,9.194316234623329e-08,4.3984482003733404e-08,2.3703595812906154e-08,6.156943055014745e-08,9.021076042422704e-08,6.927194308770143e-08
F0,S61,3.742549328149406e-08,6.045739627551326e-08,3.261494614752569e-08,1.9265527577545292e-08,4.6131534453282584e-08,6.377021901656309e-08,6.140350829940202e-08
F0,S62,3.465949578463402e-08,5.517264319043377e-08,3.0701706262628215e-08,1.586544026819188e-08,4.413556988341027e-08,5.2779936842434934e-08,5.4966133329824925e-08
F0,S63,7.834068595185587,2.695624482220311e-07,8.194958887200142e-07,1.1536953241260729e-06,4.464002127317061e-07,20.591681259087647,1.4081426660704718e-06
F0,S64,3.455388154682824e-08,6.23882177640492e-08,3.304993002530276e-08,1.7342421657626516e-08,4.4960095917572303e-08,5.822804809880781e-08,5.941167432990662e-08
F0,S65,5.31475143150261e-08,6.646540446043885e-08,6.633185265165754e-08,2.401846884808436e-08,8.58213675064026e-08,7.013271758360086e-08,9.453720080217421e-08
F0,S66,6.635749324490746e-08,7.138651621610773e-08,6.106870186681481e-08,1.9446677338427053e-08,8.865914423004707e-08,8.517127360528552e-08,8.312401366925144e-08
F0,S67,4.7607798315563223e-08,5.420319657180235e-08,3.780222687015016e-08,1.6690763641094132e-08,5.77524714867817e-08,6.196244612609524e-08,6.448630821417579e-08
F0,S68,4.371239489818395e-08,5.3448861895547616e-08,3.645270603672213e-08,1.5897491719988267e-08,5.639408230999373e-08,5.6316659817966715e-08,5.8158489360391374e-08
F0,S69,3.8431361338796875e-08,5.212177302619387e-08,3.570775038279737e-08,1.6600924642530742e-08,5.253835274209941e-08,5.470509032170217e-08,5.891449748869195e-08
F0,S70,5.067239156376791e-08,5.54286058649481e-08,3.631972296723128e-08,1.8906261562570783e-08,5.8775158493853076e-08,6.288553986093046e-08,6.361072502897097e-08
F0,S71,5.027602553143524e-08,8.242992727868771e-08,4.845018691956827e-08,2.6249797391573493e-08,6.510774394699766e-08,7.545307604731361e-08,8.233308579517377e-08
F0,S72,5.0003569396497486e-08,6.547597830143785e-08,4.5027521476318086e-08,2.7862935077611215e-08,6.288228176947712e-08,6.837547470956466e-08,9.03159881009002e-08
F0,S73,3.087068208144228e-08,7.585688714947464e-08,3.2756862987016824e-08,1.825970404564738e-08,4.157084763302769e-08,6.602198149196141e-08,6.281652807085065e-08
F0,S74,3.083749493035303e-08,5.279951113737921e-08,2.8125823169743308e-08,1.4740413836231531e-08,4.114255720490761e-08,5.192899995206712e-08,4.907962788449543e-08
F0,S75,2.3493533213992219e-07,1.03931346807152e-07,1.7041163709202763e-07,1.7385125561669574e-07,1.9503718084167524e-07,1.83508560602858e-07,4.904588279860989e-07
F0,S76,4.9090326158339974e-08,7.347762070861196e-08,8.699477397108262e-08,12.50000363495538,7.984774039975523e-08,7.603783508307033e-08,11.070144414856868
F0,S77,3.736456069616693e-08,7.181750643216802e-08,3.700383441707544e-08,1.775851722206731e-08,4.920073808456985e-08,5.9104026767865e-08,5.989391725819766e-08
F0,S78,3.706735529876234e-08,6.404422915981612e-08,3.221748468020408e-08,1.746953774561541e-08,4.6770618517402896e-08,5.969572711192043e-08,5.459117079282861e-08
F0,S79,4.150486346894975e-08,7.617123883026294e-08,4.8526329829409325e-08,1.9426253648372655e-08,6.146624689258768e-08,6.926120974891006e-08,7.077148163065199e-08
F0,S80,3.3712948526827456e-08,7.704765165653637e-08,3.391189425784448e-08,1.5552600717509746e-08,4.4316577769262564e-08,7.425934646096837e-08,5.7028530037818436e-08
F0,S81,3.503940433167427e-08,7.213967689492506e-08,3.4265282502631786e-08,1.844469695868188e-08,4.598204022238446e-08,6.823340366625025e-08,6.128149802342518e-08
F0,S82,3.9183862524456005e-08,6.573368804637101e-08,3.208650485401513e-08,2.047404483162476e-08,4.6381340400889285e-08,6.671901535447312e-08,6.146080955928604e-08
F0,S83,4.911709983835877e-08,6.863013282907442e-08,4.295925270158813e-08,2.0596651514983168e-08,6.277834399583248e-08,8.196252026973815e-08,7.277938064401988e-08
F0,S84,5.703193906217828e-08,8.294210501181721e-08,1.0073325482997409e-07,2.193021404402333e-08,1.0787085658002353e-07,9.850529313911668e-08,1.0001887194405233e-07
F0,S85,3.62243551789558e-08,9.926252985642827e-08,3.729897793519362e-08,1.6497038586094857e-08,4.9294738127906516e-08,8.774900833238014e-08,5.65951736002057e-08
F0,S86,3.278535862713478e-08,4.723236721604026e-08,2.7066534974881447e-08,1.5099919699975637e-08,4.095881919394416e-08,4.6026376964648765e-08,5.015581023692589e-08
F0,S87,3.8532894364664e-08,8.40559763103179e-08,4.418790441659419e-08,2.8430000073168318e-08,5.1619728386227874e-08,8.259497158137753e-08,1.0198398073129521e-07
F0,S88,3.1516870120782976e-08,5.0000141794310294e-08,2.703533698881427e-08,1.545943144476664e-08,4.0115922836724055e-08,4.785215907277437e-08,4.9844003382595846e-08
F0,S89,2.878548473217053e-08,4.583495284028292e-08,2.425738898551205e-08,1.4364844271349529e-08,3.6380295616958976e-08,4.287743668267435e-08,4.4805560892611535e-08
F0,S90,3.814538499958999e-08,6.617266334573581e-08,3.50744397880713e-08,1.8022101508717794e-08,4.8799511304706405e-08,6.711222141936107e-08,6.144018241670171e-08
F0,S91,3.7727311696049113e-08,4.9615435434229324e-08,3.0152454119470923e-08,1.519142724542519e-08,4.614414810319116e-08,5.422227806528651e-08,5.496447986805269e-08
F0,S92,3.291719084720687e-08,5.625921062692434e-08,2.869690156115832e-08,1.7740215964723174e-08,4.1006570917214815e-08,5.4460574127465995e-08,5.658227002230936e-08
F0,S93,5.008237014541452e-08,8.00791235235381e-08,4.081373778131322e-08,2.8237712737722153e-08,5.695691552467043e-08,8.107547718647575e-08,8.040131890032325e-08
F0,S94,5.209841833233979e-08,7.285132431867574e-08,4.732847754334405e-08,2.4998583041100474e-08,6.598645748527495e-08,6.414960324298645e-08,7.698949600326095e-08
F0,S95,3.856001589323839e-08,6.913693272177502e-08,3.476572237430272e-08,1.8694173424331e-08,4.9082434532997634e-08,7.453658406528104e-08,6.178944070772946e-08
F0,S96,3.217447938221171e-08,4.6280110433532304e-08,2.6036074537306826e-08,1.5381521004669902e-08,3.9585526449577205e-08,4.6256078196903257e-08,5.0353095211037294e-08
F0,S97,3.1391419926986145e-08,6.023783760712308e-08,2.964951322625075e-08,1.5303937666421613e-08,4.19326708491649e-08,5.393746981407187e-08,5.0644335063874276e-08
F0,S98,6.043640766545395e-08,7.501143213229076e-08,6.062699064384739e-08,2.6836678602886272e-08,8.515120672294617e-08,8.787812669203376e-08,9.121176530600109e-08
F0,S99,4.1544542530176026e-08,6.899278658538715e-08,3.4556696062284515e-08,1.8702507974933136e-08,5.013662654283474e-08,7.61333509707785e-08,6.014933737617424e-08
F1,S100,4.045460158440872e-08,6.70122790107083e-08,4.2932653702004525e-08,2.9794538823363738e-08,5.87832518230726e-08,6.257266797807623e-08,8.427364082105332e-08
F1,S101,5.0670909019417216e-08,1.0681744018391764e-07,5.429178828423922e-08,3.6089184314763093e-08,7.196728659196575e-08,8.317777620518906e-08,1.1579001364664623e-07
F1,S102,9.730327943973937e-08,7.250136369763382e-08,1.6307416906449828e-07,2.9377482294744576e-08,1.7225556727601463e-07,1.0317117468095909e-07,1.678309587526979e-07
F1,S103,4.7212757056558705e-08,1.2171450659230368e-07,5.847589022003246e-08,3.885015013624885e-08,7.164274557498111e-08,8.73264764235586e-08,1.2669055072112506e-07
F1,S104,8.075060778979694e-08,7.78476653438763e-08,9.112010760444424e-08,8.116224474337993e-08,1.2618010515120342e-07,1.1210540397652078e-07,4.279731110019762e-07
F1,S105,7.88073578096773e-08,1.3387806709822928e-07,1.0762473759041898e-07,1.428708339509758e-07,1.3351243988734035e-07,1.819999332606726e-07,3.8689453176379054e-07
F1,S106,3.707489653047497e-08,9.892815059271138e-08,3.367850415544272e-08,2.810930611460978e-08,4.839639553653762e-08,8.047728235873574e-08,7.520021807931195e-08
F1,S107,9.260112866474993e-08,8.643038603093315e-08,7.776911899827679e-08,3.3573857375441065e-08,1.5555333779484412e-07,1.4151817753404836e-07,1.3509635018974706e-07
F1,S108,6.364678358959492e-08,1.7674469614366496e-07,6.000526852895333e-08,1.0043191814440849e-07,8.531266933479521e-08,1.1931205262428634e-07,1.4710102428745415e-07
F1,S109,5.5654411329238416e-08,36.80407466897106,1.8145561178310877e-07,5.980132331362482e-08,1.2710842287003246e-07,2.0957209219709248e-07,3.728838699603344e-07
F1,S110,4.261431251453922e-08,5.6089130906109315e-08,3.990224830009735e-08,1.9938094654145913e-08,5.811706706461383e-08,5.6578942794227307e-08,7.123470621368507e-08
F1,S111,4.440446750988725e-08,6.756392168511388e-08,3.916204500475132e-08,2.045443099210656e-08,6.260866879113571e-08,6.306349293563685e-08,7.586170693902148e-08
F1,S112,5.349922021630942e-08,6.998112203455099e-08,4.951692107032344e-08,2.5501024341836434e-08,8.03312587894511e-08,7.99114925370816e-08,9.475218884948932e-08
F1,S113,4.2784842864122424e-08,1.1412614437656736e-07,4.9110152229415006e-08,2.7106024121652357e-08,6.375080479877002e-08,8.136393191318122e-08,9.260081897245956e-08
F1,S114,6.258986127161833e-08,1.1686868293591006e-07,9.655472913809389e-08,7.808609044720678e-08,9.655144451801892e-08,1.1778193901864406e-07,3.7675385543639777e-07
F1,S115,9.829076482924161e-08,18.113262747462365,1.196381177690247e-07,5.025855858918289e-08,1.3873385543547656e-07,3.427553584790571e-06,2.9633678379319664e-07
F1,S116,6.198668337827595e-08,6.711868286380467e-08,6.540401421798254e-08,4.984512390152015e-08,7.988950522186094e-08,8.672593992676026e-08,2.2848778639522284e-07
F1,S117,6.852952606437992e-08,1.0889326369783169e-07,1.045258952436495e-07,704.119237009291,1.0374550176051786e-07,1.1037347843328052e-07,384.2981103987659
F1,S118,4.479946066558082e-08,8.660537022761814e-08,5.868519572837291e-08,4.491211247163547e-08,6.981383303456235e-08,1.0900485638388745e-07,1.248880249640431e-07
F1,S119,8.832600741229092e-08,9.565914746893159e-08,1.9902091321002817e-07,3.0854902953018047e-08,2.38627631177907e-07,1.214275822191927e-07,2.022367142698109e-07
F1,S120,5.5617609118399754e-08,1.0171914895872976e-07,8.742587791110437e-08,3.7563667294488416e-08,9.12735679830963e-08,1.1513628562888557e-07,1.3169109416316677e-07
F1,S121,5.846757645931953e-08,9.878077406312e-08,1.0282871441565767e-06,4.2237044956441656e-08,3.610699082698783e-07,1.4241114118894115e-07,4.479782628580436e-07
F1,S122,4.7825245560038116e-08,6.753144480017655e-08,4.282639320863118e-08,2.465222321141994e-08,6.224010765128903e-08,7.914605916430891e-08,8.327706614240088e-08
F1,S123,5.976036037012283e-08,6.733831319039874e-08,4.298748007099909e-08,2.726793808449803e-08,7.200832948212739e-08,8.004045517924493e-08,9.114471700447458e-08
F1,S124,9.729210064195928e-08,92.61975718316107,9.731452221094362e-08,99.68238406180569,1.1050143021007979e-07,4.184887252021477e-07,2.5597777182397026e-06
F1,S125,1.0587010782570676e-07,3.5917567401502996e-07,21.666838257184047,8.283882072740613e-08,3.1301162502650127e-07,4.00665802800723e-07,5.510796826519808e-06
F1,S126,11.221796712930526,1.9281015636400394e-07,111.20196908446245,3.580642188685984e-08,58.64296925520675,1.1099222678950897e-06,39.43042908882219
F1,S127,9.783321133720449e-08,8.40212216143705e-08,1.5696341312493674e-07,3.8811714408988884e-08,2.034801323169972e-07,1.135010244375481e-07,1.9275120814270143e-07
F1,S128,7.290175694607953e-08,7.447327288372787e-08,1.4892723449968244e-07,6.660800596627577e-08,1.3275439599419473e-07,9.848657069482486e-08,4.137439307936071e-07
F1,S129,5.8430111081220864e-08,2.1147195808122022e-07,4.717982102896748e-08,6.602775100915788e-08,6.940645272026268e-08,1.066547319721016e-07,1.2591069052214005e-07
F1,S130,7.029542113071852e-08,7.077722789741259e-08,4.807535269472563e-08,5.171493840802738e-08,8.083390966690293e-08,9.471207515179293e-08,1.1163983690233908e-07
F1,S131,4.94641806966787e-08,9.05457239753813e-08,9.648976819868855e-08,5.5755563113729786e-08,9.468190357823168e-08,8.794760114375167e-08,1.6359581195441503e-07
F1,S132,9.350942967567482e-08,9.64347398012048e-08,1.1825944613444882e-07,1.47498280870823e-07,1.3794215156922207e-07,1.1280246378765367e-07,6.036603326973738e-07
F1,S133,1.3720942361084818e-07,9.254259452089189e-08,1.6991446201697116e-07,3.172827413070166e-08,3.530260096005424e-07,1.3313971676906824e-07,2.1801371156052272e-07
F1,S134,7.569762268067827e-08,9.112884080196367e-08,5.773052398276377e-08,2.6067829522465447e-08,9.204287932630692e-08,9.342346565559059e-08,1.0053545410861372e-07
F1,S135,4.2886336878532493e-08,6.452719248603702e-08,3.7569296385387165e-08,2.0801608179233228e-08,5.6563841511474415e-08,6.622606810390345e-08,6.871175335411232e-08
F1,S136,6.052473911752655e-08,41.05215631442127,1.6751051250759008e-07,90.64016451322307,9.053812257891349e-08,5.782380198401349e-07,74.22421434184747
F1,S137,8.44665954636904e-08,8.691496495391993e-08,1.0772444575377153e-07,2.6548634571131848e-08,1.1929401565699008e-07,1.344039114218309e-07,1.601094965514682e-07
F1,S138,5.1142345759200656e-08,9.075118225046001e-08,5.6291295807503424e-08,3.8446172471963444e-08,8.1250049553687e-08,1.1032099635812898e-07,1.2330602669950307e-07
F1,S139,4.721295398067764e-08,8.778379645868892e-08,5.650369691811033e-08,5.186197095898193e-08,6.701381510549188e-08,8.459053698271819e-08,1.6767416078782079e-07
F1,S140,7.287789163520543e-08,1.424065101849886e-07,6.427365529150013e-08,3.028511548501455e-08,9.275797013186717e-08,2.2536433934290193e-07,1.0683450984177777e-07
F1,S141,4.313145997862343e-08,6.171583201879674e-08,4.411534655904983e-08,2.450292316400538e-08,6.304783104137162e-08,6.188278915454258e-08,8.659741857673142e-08
F1,S142,5.061685791274205e-08,7.790081170310509e-08,5.486853708233646e-08,2.439927661562964e-08,7.793818189932484e-08,7.968481449723173e-08,8.819079684818757e-08
F1,S143,4.261671495144545e-08,1.0052259452016308e-07,5.1788749729250876e-08,2.375926893160553e-08,6.216188068215895e-08,7.992045480579823e-08,9.197875833063561e-08
F1,S144,878.1996466314124,59.16783993867749,60.17442960963543,6.900517245616606e-08,502.9262295034852,782.9671463005167,6.067894052796909e-07
F1,S145,6.244770297496868e-08,9.28972355119646e-08,6.608190628897772e-08,3.420123674519876e-08,9.649552605548588e-08,9.526973521559046e-08,1.2832657445586974e-07
F1,S146,5.784554552020206e-08,8.276011320251743e-08,8.425560036696489e-08,3.538747705967284e-08,9.67924213211207e-08,7.993980166361617e-08,1.3166027488691453e-07
F1,S147,4.143643799537365e-08,8.268406517304612e-08,3.726476893392772e-08,2.726699846432443e-08,5.3901251327970864e-08,6.606945607042294e-08,7.622421578599329e-08
F1,S148,6.221648291947371e-08,6.825014245846547e-08,6.081295264530545e-08,2.8156529725977755e-08,9.09491587976885e-08,7.859566697834452e-08,1.1403295083044922e-07
F1,S149,4.7053953206274864e-08,607.0382024115181,15.573673301526437,4.741524399362192e-08,8.638441229865999e-08,141.77428832212394,3.2254402530890624e-06
F1,S150,3.915902962687776e-08,7.116487516234359e-08,3.888812315590394e-08,2.5568560923522482e-08,5.577584596471325e-08,5.946575969986666e-08,7.339725376025029e-08
F1,S151,4.9775143094098296e-08,7.018589497519672e-08,4.1758576408541183e-08,2.864766040410707e-08,6.623877402288129e-08,7.176345926186126e-08,8.917497561597213e-08
F1,S152,5.544770787647032e-08,1.0510709956659503e-07,7.748153472489454e-08,4.1776826572318565e-08,8.971579033838054e-08,1.0823280680746248e-07,2.0604323771929125e-07
F1,S153,4.3964360114747446e-08,7.910469113492279e-08,4.6937082838506335e-08,2.0188706735298156e-08,6.124137245153837e-08,7.880138886056613e-08,7.749303936073212e-08
F1,S154,6.354175351096481e-08,1.660297655781336e-07,1.8843512944656612e-07,3.960298209282239e-08,1.0834836619160142e-07,1.9746489986183848e-07,2.297515536077192e-07
F1,S155,5.18350675189519e-08,9.41540182979263e-08,4.946851752166051e-08,5.102898625963389e-08,7.175129725874833e-08,7.654196851003867e-08,1.2529285095370914e-07
F1,S156,4.342334489945842e-08,9.932639839528868e-08,7.403128316823581e-08,2.524237061434144e-08,8.329248274195625e-08,9.127344418417026e-08,1.2053975765346822e-07
F1,S157,4.7134418227265575e-08,9.169544673350117e-08,5.33718203555742e-08,2.4549305032746014e-08,7.016864462139607e-08,8.63394552181321e-08,8.809770251579716e-08
F1,S158,4.181990352868269e-08,8.685881735466108e-08,4.668705005161567e-08,2.3610686892683793e-08,5.559546322915237e-08,8.251097507982857e-08,8.718720436581755e-08
F1,S159,4.7688860752834446e-08,9.786718135095408e-08,1.9321495479802697e-07,5.471975617792117e-08,9.304683259915369e-08,1.0860861420772487e-07,2.6723442268437866e-06
F1,S160,5.403453178056383e-08,8.480377973005196e-08,5.389566369127515e-08,3.890147621947317e-08,7.560031302884449e-08,8.117453896534487e-08,1.1873519658081233e-07
F1,S161,4.310095022319834e-08,9.210038345021537e-08,3.5111374905363225e-08,3.6905858509724775e-08,5.1358550681232705e-08,7.939208459640708e-08,8.326493102766267e-08
F1,S162,4.2789428589985524e-08,7.054560673458819e-08,3.736415751436394e-08,2.9580020591861377e-08,5.6424566042238514e-08,6.551816927924994e-08,8.567345694837938e-08
F1,S163,4.5937477635262006e-07,1.0430417938848923e-07,9.925079105692222e-08,2.4527955108157333,1.9625380722723972e-07,4.034534442578406e-07,1.1112665338232304e-06
F1,S164,6.702246771364322e-08,1.5675407551698577e-07,9.68287245889258e-08,1.8302282756471347e-06,1.2398761005673654e-07,1.582151631750508e-07,3.7800603029922284e-07
F1,S165,4.671711980960905e-08,5.7322775871320116e-08,6.340796503522778e-08,2.9100608764964336e-08,7.687917713732019e-08,6.591981912667406e-08,1.2302017316112625e-07
F1,S166,8.008618288368922e-08,7.387079840714732e-07,7.059977197781417e-08,6.148484406852779e-08,8.91521010089444e-08,6.22701562057519e-07,2.2121615709351082e-07
F1,S167,3.5239941867117807e-08,5.845503474206223e-08,4.166698870807601e-08,3.226344306119715e-08,5.3028081208606155e-08,5.378226614057436e-08,1.003288286239788e-07
F1,S168,3.5402133549820946e-08,7.593294863480051e-08,4.103413119571254e-08,1.961127804556255e-08,5.2487150665448076e-08,6.505612065962739e-08,7.406791906031269e-08
F1,S169,5.232948590566446e-08,1.3999646970500382e-07,6.94846146138813e-08,4.164169020803155e-08,7.964404878221342e-08,1.2669494786784495e-07,1.249354800213558e-07
F1,S170,4.4887149202901284e-08,7.283082342914673e-08,4.952322712001622e-08,4.675903861008811e-08,6.579850532629832e-08,7.369946567061323e-08,1.3373857248766219e-07
F1,S171,8.140558722261335e-08,1.1124665266035534e-07,1.0603854867001366e-07,9.32732512136479e-08,1.3996040086738663e-07,1.780171708607239e-07,3.7567671371862283e-07
F1,S172,6.89037772154171e-08,7.10236329165042e-08,4.028606047536423e-08,2.3100404564053915e-08,7.525181561738083e-08,9.793199872653634e-08,7.522506435427191e-08
F1,S173,1.7301185973270391e-07,8.947049672490185e-08,1.201022207703264e-06,4.162188250264302e-08,7.072295755682045e-07,1.7211272751740562e-07,3.623739747231963e-07
F1,S174,8.553907181849007e-08,2.5669231642781293e-07,1.3550056208027436e-07,3.590363979743007e-08,1.5915370415780383e-07,3.854258459791807e-07,1.543837012520908e-07
F1,S175,1.1811853165118021e-07,1.7036044311878352e-07,3.7836568260827524e-07,2.3016583707896625e-07,2.6147252772103005e-07,2.0376659678734094e-07,1.073951109763006e-06
F1,S176,4.442550403990058e-08,7.221944363417693e-08,6.556446232675813e-08,5.214986952148137e-08,7.304798275536618e-08,7.11163936397068e-08,1.3767705778097715e-07
F1,S177,7.236263688767901e-08,17.369386795042857,680.0075729340962,20.10110620620738,320.135407598881,1.519608531557003e-07,417.7982157277371
F1,S178,1.1257012291623407e-07,9.065299895589724e-08,1.7741134441955072e-07,6.53952390758021e-08,2.236209288434791e-07,1.0735663030830961e-07,4.5359032606245104e-07
F1,S179,5.323739793984434e-08,8.523832446773064e-08,6.32381697386253e-08,2.9287799478858003e-08,7.603437204428136e-08,1.2047724399533847e-07,1.3364415520123413e-07
F1,S180,4.457149155958264e-08,6.07775964642495e-08,3.8859797718560605e-08,2.0885109360782775e-08,5.862046980298225e-08,6.596135196863535e-08,7.587607821286712e-08
F1,S181,4.255867381798591e-08,6.655100726747243e-08,4.547264987671647e-08,2.8112834205066655e-08,6.05786384418385e-08,6.424061689406879e-08,1.0360658444671571e-07
F1,S182,4.803423830668631e-07,4.1207522691540324e-07,2.311617359428125e-07,61.5338973312576,6.831395540898394e-07,6.665733191210711e-07,1.4746389016952785e-06
F1,S183,8.112815857689601e-08,7.970603040828299e-08,6.269326407931946e-08,3.848749975987578e-08,9.622138049557214e-08,1.3314713936085572e-07,1.4386563610068702e-07
F1,S184,6.250032234975039e-08,8.395449218418898e-08,1.0420687963713515e-07,3.558938119692485e-08,1.338923550225517e-07,8.88906836537086e-08,1.579587132191954e-07
F1,S185,97.31521802592964,1.9482466096344737e-07,108.2974363143694,1.366501873588489e-07,112.74755235398617,5.865665779686392e-07,63.99992901827875
F1,S186,7.259745256726969e-08,119.03076368211177,6.017505861542154e-07,7.171090645735172e-08,1.309915922673477e-07,45.56576914787384,1.4691495590563564e-06
F1,S187,6.437193499267698e-08,8.417064059162439e-08,5.186086635008605e-08,2.924626518227147e-08,7.808083510886014e-08,1.1816772464311631e-07,1.0639607091992238e-07
F1,S188,4.167864908399253e-08,7.927593434187678e-08,4.4050096718346446e-08,2.207914623828774e-08,6.012161961375913e-08,6.941849411097701e-08,7.931754484852278e-08
F1,S189,4.284787969640721e-08,7.239796604136948e-08,4.1888680161428925e-08,2.6449577311573935e-08,5.927566462902972e-08,7.349399170120008e-08,8.889597503370681e-08
F1,S190,7.091131434921732e-08,7.306136735178386e-08,6.01565155376185e-08,3.541729875774317e-08,9.689775980945418e-08,8.562977957322592e-08,1.2385387776243616e-07
F1,S191,3.748603128528222e-08,1.465444941206831e-07,2.997930561098636e-08,2.055343062013621e-08,4.575960534791466e-08,6.259710362618728e-08,6.132705392495533e-08
F1,S192,1.0672528164123091e-07,1.1641699942522485e-07,4.740806647478421e-08,3.105385589783127e-08,9.495570478857178e-08,1.1556246696532095e-07,9.980176393244503e-08
F1,S193,1.387330974212621e-07,8.031374436756191e-08,0.09496525550066232,4.808886108062662e-08,7.290429189860783e-07,1.1541073524535823e-07,4.829161048733465e-07
F1,S194,5.7801750546536624e-08,1.2604363413645413e-07,9.304005714409003e-08,3.315904329650741e-08,1.0233242152289547e-07,1.1606351407655416e-07,1.4336131963018047e-07
F1,S195,4.2771852553847706e-08,1.1122825771221494e-07,7.179612709927449e-08,2.983579558730472e-08,6.583892337721308e-08,1.2609155334438658e-07,1.3139515644783725e-07
F1,S196,6.543202540314005e-08,7.237105195229817e-08,7.654418970193709e-08,2.552362222158965e-08,1.0609205286753748e-07,8.853989687345138e-08,1.1304055563085094e-07
F1,S197,5.781892757441645e-08,8.530242062941603e-08,6.16459495500622e-08,5.598676769507211e-08,9.200501594922511e-08,1.0373624926887696e-07,1.6211694167730387e-07
F1,S198,4.035567969197153e-08,5.843463794183086e-08,3.724284658884775e-08,2.340606361808991e-08,5.640746398389934e-08,5.9167663283910633e-08,7.682770764474703e-08
F1,S199,4.937115320632345e-08,7.496768101238859e-08,4.8033460312092094e-08,6.679596432126508e-08,6.749330702460834e-08,7.759184685911841e-08,1.3906309016283257e-07
