,,W0,W1,W2,W3,W4,W5,W6
F0,S0,2.782182721766024e-07,3.287774507461043e-08,2.7792386751146186e-08,5.446561826375438e-08,1.3189736308112956e-07,1.3560133412128312e-07,5.78506501590493e-08
F0,S1,1.0980523843460457e-07,1.9386910293669504e-08,2.2817532180739784e-08,3.466193001894576e-08,6.793864214476952e-08,5.6593335127228663e-08,3.6027007642594936e-08
F0,S2,1.1610747298294719e-07,3.1644031267652765e-08,3.3550931562574854e-08,1.0251726831804659e-07,7.434102269625495e-08,7.274469251691354e-08,7.721640111306687e-08
F0,S3,8.363246254412474e-08,2.76243122597891e-08,2.1234772813626565e-08,2.42432331067163e-08,5.129804369184677e-08,5.673747591649934e-08,2.8455338975224235e-08
F0,S4,1.5619330577494663e-07,1.970730250577082e-08,2.6647817811996157e-08,3.150605285816133e-08,8.537296908606736e-08,6.373562024118181e-08,3.679771714221743e-08
F0,S5,1.359484624419041e-07,2.710333377152512e-08,6.15323087925812e-08,3.7608697932968254e-08,1.681170201052839e-07,7.835313240111997e-08,6.322838760035428e-08
F0,S6,8.925339360009585e-08,3.3871718567548375e-08,3.459511645081675e-08,5.05359066947803e-08,7.228765451180582e-08,6.380582608332231e-08,6.873474049953398e-08
F0,S7,1.1132429724084166e-07,2.984355222865618e-08,2.554131080902393e-08,3.906648360777229e-08,6.330193690033063e-08,7.001773116347825e-08,3.9395603868945193e-08
F0,S8,8.177910211233231e-08,2.2909591452473738e-08,2.178303901753863e-08,3.007205304795141e-08,5.028207736351328e-08,5.1173352671038775e-08,3.539728521228354e-08
F0,S9,1.0138016191240917e-07,2.3571226959232906e-08,1.9813928983962753e-08,2.9410014823621256e-08,5.926018240658479e-08,6.855180662882399e-08,2.9491190670409313e-08
F0,S10,1.2146121858891485e-07,2.3401040741071222e-08,2.353119541230813e-08,2.7871294537765485e-08,6.847024778805335e-08,7.097881595750473e-08,3.13013802839144e-08
F0,S11,7.509732873956918e-08,2.0540897626174108e-08,2.1543926027546723e-08,2.4510620731012404e-08,5.401624567505335e-08,4.778622043470065e-08,3.0445940196465e-08
F0,S12,283.07257417991167,2.693131111023374e-08,2.4795863355340928e-08,3.802663844483947e-08,32.048731797624534,1.1025323185791592e-06,4.095362380240717e-08
F0,S13,2.494574611753113e-07,2.3183292969115336e-08,2.8030831846156795e-08,1.4223792356191646e-07,1.4543947095998722e-07,9.347049512292213e-08,1.2566632343277252e-07
F0,S14,9.021073199697327e-08,2.0468546744392258e-08,2.3317768605287775e-08,4.1958166895022655e-08,5.6578419163961355e-08,4.7580033139789944e-08,4.1801732842172176e-08
F0,S15,1.0009574508645386e-07,2.1456647897670315e-08,2.7604673217125285e-08,3.589413523670919e-08,7.433937722158238e-08,6.404714056014156e-08,3.887078143995205e-08
F0,S16,1.6350294923560728e-07,2.086532416386684e-08,3.045773638167273e-08,8.026959664066745e-08,8.878392163652722e-08,6.478912332489061e-08,7.715678179601316e-08
F0,S17,1.9286586341736835e-07,3.230504054557145e-08,3.285351416418364e-08,7.691166042171737e-07,1.103301457586406e-07,9.42034371212609e-08,3.4466413022627206e-07
F0,S18,8.437152089907757e-08,2.3528384382234716e-08,2.4872968487082098e-08,7.72402354939141e-08,5.0305895269636604e-08,4.991291022280907e-08,6.256488960675155e-08
F0,S19,9.29153698098429e-08,1.9876930830185416e-08,2.1201983754220826e-08,2.6685985359979593e-08,6.484309025243767e-08,5.531432691861027e-08,3.0877456392513254e-08
F0,S20,1.1252493842310905e-07,2.744757769238949e-08,4.096880123182076e-08,5.429036804178123e-08,7.700276709515165e-08,6.1382806335208e-08,6.01786141196744e-08
F0,S21,8.187320793951323e-08,2.2701999586974427e-08,2.2542114536223482e-08,3.251482437246601e-08,5.074069165163015e-08,4.983033107574466e-08,3.412815127970189e-08
F0,S22,9.088426754779963e-08,2.2236179310696108e-08,2.4353196049947722e-08,4.6854363190916836e-08,5.840883979423464e-08,5.5858947259182484e-08,4.8590485384527884e-08
F0,S23,1.935465617625963e-07,2.4539830151461487e-08,2.566851668332421e-08,6.106337279228718e-08,1.2270622274748754e-07,9.024277163702198e-08,9.155343480639172e-08
F0,S24,1.1182920802887419e-07,2.5307397574223385e-08,3.642925779418472e-08,4.1841230769913705e-08,1.1586003695870039e-07,6.225416395754893e-08,7.825457587209878e-08
F0,S25,1.369033921708298e-07,2.430461177517675e-08,3.118503828010904e-08,5.666141104363913e-08,8.298898347323329e-08,6.50018082812198e-08,4.830422164890427e-08
F0,S26,8.170110987371502e-07,2.9347526427614525e-08,3.440064442123371e-08,19.1999268476926,3.8945936911744793e-07,5.177995365153838e-07,2.0909643796197694e-07
F0,S27,1.7133028317936373e-07,5.098178893406486e-08,2.984658250788585e-08,4.1557308008546687e-08,1.0522959235411631e-07,1.48872908894158e-07,4.2152862994913805e-08
F0,S28,1.3009605228318038e-07,4.4309058257661674e-08,3.9236405433997806e-08,3.610510506631552e-08,1.1577009270626658e-07,9.915613964923275e-08,4.627538434039154e-08
F0,S29,63.24453733684243,345.28457481226826,426.5714335307003,397.9447816414676,428.47727501211455,521.7113194106586,410.9053845935448
F0,S30,63.31376547316041,105.73927762614974,7.96200217488971e-08,3.3042340389390905e-07,3.649186486756737e-06,299.57585867545805,3.001677850588554e-07
F0,S31,1.2751554055308365e-07,3.319571643452799e-08,2.3330638635527946e-08,2.9167251003166232e-08,7.230106821513389e-08,8.914762185746789e-08,3.2420044948110305e-08
F0,S32,1.494569197905028e-07,3.600505893914909e-08,2.5936830321385395e-08,5.064193566386826e-08,8.432153026995175e-08,9.481589407895528e-08,5.186900757639218e-08
F0,S33,9.318008063082925e-08,2.828996536765797e-08,2.384956378139904e-08,3.018852612157967e-08,6.324588905033594e-08,6.553375490854718e-08,3.522410517906118e-08
F0,S34,9.425077851077966e-08,2.8721956111918513e-08,2.2946327002098697e-08,3.4082133666351634e-08,5.425811626679837e-08,6.1482229547776e-08,3.6497319430966504e-08
F0,S35,2.3853894569990026e-07,8.370518468391703e-08,3.856332595455927e-08,1.6349813851688327e-06,1.004097167180373e-07,1.556968086794037e-07,2.4895052645568664e-07
F0,S36,8.693569780868061e-08,2.3727298278297155e-08,2.1746032083283216e-08,2.844445485448347e-08,5.499683159822955e-08,5.751973697124741e-08,3.053549529211047e-08
F0,S37,3.1861120846633696e-07,9.222945049527054e-08,1.303838841044858e-07,41.31742512649023,7.42086393833539e-07,2.8187490257873284e-07,1.7336569538380324e-06
F0,S38,2.229544469976629e-07,4.425990743835283e-08,5.151170109997524e-08,63.86338069934663,3.554857828492283e-07,1.0986296751067832e-07,0.12277987433218744
F0,S39,1.1279899781223128e-07,1.9900670615703996e-08,2.9527130633320134e-08,3.689431842905565e-08,6.99003589967087e-08,5.2589491449687115e-08,4.56351875916192e-08
F0,S40,1.0469466343949754e-07,2.2408688612985358e-08,2.2196603110163195e-08,2.993597351972112e-08,6.711599570149364e-08,5.949670479725469e-08,3.3215639142117794e-08
F0,S41,9.695980355344735e-08,2.2953321226403248e-08,2.969548007785548e-08,3.231951080806258e-08,7.13540456111473e-08,5.557608765714562e-08,3.71355059765593e-08
F0,S42,1.0008293021219384e-07,2.3294800318456837e-08,3.1973690600755503e-08,3.157835691288562e-08,1.0238747817751313e-07,5.857273830334918e-08,4.965627558346053e-08
F0,S43,1.1985508234701824e-07,7.582939540272634e-08,96.28225003849073,6.36106755425089e-08,155.87094425180376,1.0545804577843362e-07,392.0257336153343
F0,S44,9.981601900504465e-08,3.8050023421264396e-08,2.9336147146737883e-08,3.956238573242362e-08,6.737536650436018e-08,7.068970072975902e-08,3.939519049194975e-08
F0,S45,8.94232868556232e-08,2.222381066457426e-08,2.8776657125264573e-08,3.552582471699862e-08,6.276038033972811e-08,5.078945268321551e-08,4.221685420092088e-08
F0,S46,2.416656409556383e-07,3.0184511685545376e-08,3.33185681095441e-08,8.75395024175645e-08,1.351801049587066e-07,1.1660320630767416e-07,9.639938959267141e-08
F0,S47,0.10705716153013493,6.043601337340708e-08,3.425276663030299e-08,2.3694813946494098e-07,12.016290636319512,8.396224375895306e-07,2.997158615066838e-07
F0,S48,1.2523660324420758e-07,4.6351924058512896e-08,3.1301271460769685e-08,5.350569413219418e-08,7.957629015516908e-08,1.0439661440156262e-07,5.724802188476759e-08
F0,S49,1.084077949881367e-07,2.55994675185233e-08,2.5648427087736764e-08,4.076226562272366e-08,6.349248263889732e-08,5.9569406205643995e-08,3.721973458539638e-08
F0,S50,1.7158700568971741e-07,3.1814271624431306e-08,3.7979819390850627e-08,5.583313424202999e-08,1.4921637580805097e-07,9.519021666631063e-08,8.246843102025679e-08
F0,S51,1.2780034361908282e-07,2.4715633822503108e-08,2.770854063606082e-08,4.474459511802832e-08,6.876635722539099e-08,6.46886791873292e-08,4.565193389336067e-08
F0,S52,1.681688044854795e-07,5.907960689380881e-08,5.6002143025587466e-08,9.838271108877926e-08,1.3807771609737023e-07,1.3571787444624228e-07,1.61082168669689e-07
F0,S53,1.3270561367460705e-07,1.9844681347995136e-08,2.0961624455523855e-08,3.4645135147697165e-08,7.473295030454779e-08,6.520146048735779e-08,3.640229676107517e-08
F0,S54,1.2218289019508622e-07,2.148854573918091e-08,3.215415396331315e-08,4.7689372556655895e-08,8.917828247582064e-08,5.763661866424496e-08,5.851216766277914e-08
F0,S55,8.522908315553788e-08,3.835344135346095e-08,2.5676365317555777e-08,4.846409750089403e-08,5.544564254513873e-08,7.015734351803205e-08,4.865200219265276e-08
F0,S56,1.0365396745971479e-07,2.2111912418534155e-08,3.355308933229134e-08,7.828998895067113e-08,8.19132440766493e-08,5.878415520176228e-08,1.1281527451384299e-07
F0,S57,158.7664208823466,3.5499578441389965e-08,3.1877892913979084e-08,1.1590203019437286e-07,6.584323164615553e-07,2.25537042234811e-07,1.0202266928204661e-07
F0,S58,1.8743424789427595e-07,3.348121254034411e-08,4.747985008525417e-08,1.053314129932812e-07,1.7876441256337136e-07,9.512365457145868e-08,1.448590208117744e-07
F0,S59,423.0448008549179,2.699949849568441e-08,3.153507594860589e-08,4.695325037821293e-08,228.14944962956795,118.47658119594489,5.2487655742920084e-08
F0,S60,1.2474726034631137e-07,2.985026802357538e-08,2.7628915071527967e-08,3.675606265201762e-08,7.624502416647529e-08,7.845123677863776e-08,3.789590444542922e-08
F0,S61,2.340671008959547e-07,4.6526331549454363e-08,3.312468143115501e-08,9.739089865411695e-08,1.3114983414970623e-07,1.3843709680826064e-07,7.777547775991167e-08
F0,S62,8.848736094455185e-08,7.348348954400328e-08,2.516834563924702e-08,3.398250212383019e-08,5.443937427133807e-08,8.923356346364555e-08,3.622311277954013e-08
F0,S63,8.209160635303648e-08,2.138859677722117e-08,2.5297239833971654e-08,3.627502451278793e-08,5.4219017996703715e-08,5.057305523669283e-08,4.1847905595073234e-08
F0,S64,2.0051332789020197e-07,453.56750764508047,2.7814511235715496e-08,2.8826189366321282e-08,9.331647013814341e-08,51.857642979118886,3.50969930278508e-08
F0,S65,1.2867987860487517e-07,1.9933918412316354e-08,2.7151004797846506e-08,3.848461738970657e-08,8.828536287898833e-08,6.489147025325415e-08,4.0190697098124404e-08
F0,S66,1.1025073619115127e-07,3.523218939447838e-08,3.297000464309753e-08,7.198565850852668e-08,7.776993681555107e-08,7.369259279038067e-08,9.292128233533888e-08
F0,S67,3.1804444598489834e-07,3.148154479812444e-08,3.647738249305579e-08,1.0518743465862708e-07,3.5028199531125895e-07,1.723519684285194e-07,8.888209929933681e-08
F0,S68,1.2125394352211872e-07,2.0632522791935016e-08,2.188606905724901e-08,3.5917274042263183e-08,7.276932837329369e-08,6.583359554065327e-08,3.581589275541879e-08
F0,S69,1.8152784101763e-07,3.051028522176414e-08,2.59935188136261e-08,4.7355635206950256e-08,9.604501509053325e-08,1.1538855514000507e-07,4.2619421502608914e-08
F0,S70,1.1982229461803283e-07,2.3172476514475683e-08,3.968072223270822e-08,5.678131157645235e-08,8.841820274246949e-08,5.693488265164887e-08,5.7582889446756816e-08
F0,S71,3.405521572605388e-07,3.1339659237444447e-08,4.630305266147881e-08,9.621782268645208e-08,3.5571391742924445e-07,1.1428678153070375e-07,1.7533444375736643e-07
F0,S72,1.0676236212675212e-07,8.481051721251053e-08,4.261797785628389e-08,4.601741026253966e-08,1.0173013061738974e-07,1.0953365862894478e-07,1.0559430331289318e-07
F0,S73,8.108613780847547e-08,2.6176572962196936e-08,1.9934246909650888e-08,2.8091325851777464e-08,4.890203300845397e-08,5.83465245463083e-08,2.829269408930593e-08
F0,S74,1.0018929010133659e-07,1.9061595078230155e-08,1.9883968270737225e-08,2.8934449212699956e-08,6.061426138013521e-08,6.089013061661674e-08,2.97529766006576e-08
F0,S75,1.5767781614921548e-07,1.0171697595856316e-07,2.264086313124868e-08,2.750418745354225e-08,7.769774481909363e-08,2.3081244049683903e-07,3.119089497524235e-08
F0,S76,1.3918005107492145e-07,3.391237885409662e-08,3.030300349069771e-08,4.9214219820326654e-08,7.69692058223293e-08,9.236386511032202e-08,4.9427593723033396e-08
F0,S77,1.4669131498136197e-07,2.7144785790969355e-08,2.4398338915238965e-08,5.210314601071011e-08,6.434405350313585e-08,6.099423476600583e-08,4.570352478966786e-08
F0,S78,7.794958462231841e-08,2.30637654371923e-08,2.4003001928985655e-08,3.0582351785318204e-08,5.116422040794658e-08,4.8625240296090323e-08,3.572267775460193e-08
F0,S79,1.3528225152664675e-07,1.880113489387428e-08,2.024021087080009e-08,3.071027769437733e-08,8.067083594982757e-08,7.677111377556152e-08,3.225063060930787e-08
F0,S80,1.752591592785934e-07,3.87603292203532e-08,2.8498773865860375e-08,4.982658852479888e-08,8.536050100243008e-08,1.0310735643194863e-07,4.3203816642661614e-08
F0,S81,8.25852199005457e-08,9.342182478438386e-08,2.2756831933080754e-08,2.4657415228994987e-08,5.180471783075817e-08,1.0505845549592463e-07,2.8745004179044814e-08
F0,S82,1.1489918355633855e-07,2.6867867876425814e-08,2.5155660988951787e-08,3.6742442856019326e-08,6.982722486717497e-08,6.955346343636964e-08,3.957569709198872e-08
F0,S83,1.7067732881917177e-07,2.7963556164447694e-08,5.2846419095754156e-08,1.0151828926233844e-07,2.52158576820959e-07,8.667764676166857e-08,2.904454595596987e-07
F0,S84,1.0276534941808813e-07,2.364743324045528e-08,2.7691597767384244e-08,3.247727887847483e-08,6.418501953569898e-08,5.437951154257902e-08,4.0923881719676106e-08
F0,S85,1.2517475789123134e-07,2.4566101125325104e-08,3.48671171183191e-08,1.2761769390618393e-07,8.182914991298252e-08,6.107188002869824e-08,1.8476779511830602e-07
F0,S86,9.806826196159155e-08,2.8180635639774972e-08,3.4639461130358623e-08,1.0741989380778447e-07,7.371956317850739e-08,6.480130523577966e-08,1.3122619490576402e-07
F0,S87,1.7104098312784244e-07,2.0858682124955203e-08,2.3439467288725297e-08,3.725651806309327e-08,7.656337416415287e-08,6.6694859604586e-08,3.582644611997065e-08
F0,S88,1.484917882383725e-07,3.7186009860740586e-08,3.984437052912905e-08,4.651599906069451e-08,1.4596256237094288e-07,9.018217673986344e-08,8.770733375108449e-08
F0,S89,8.657597578755406e-08,4.486613920652338e-08,2.4661373115749072e-08,3.370121179541713e-08,5.5537841672313664e-08,7.397512050554034e-08,3.812231146275861e-08
F0,S90,1.4075896455652749e-07,6.892332143413598e-08,2.6786035956742557e-08,3.4293409202396176e-08,8.774001022329778e-08,1.4545779395429566e-07,4.242420912255631e-08
F0,S91,1.4241788936256578e-07,2.3374803630762592e-08,4.113954202815423e-08,5.554202026671233e-08,2.696538950103187e-07,7.472273074131567e-08,9.944480078633419e-08
F0,S92,1.1973251542756875e-07,2.0500217973257008e-08,2.9080392259401956e-08,3.097181786882623e-08,7.615688394348218e-08,6.470345385691464e-08,3.483455245959334e-08
F0,S93,3.6239514777840294e-07,2.03429087791354e-08,2.3357810021297954e-08,3.501348219667716e-08,1.1024547993610689e-07,9.267471162023192e-08,3.5671602685147695e-08
F0,S94,8.331421860798415e-08,2.2523726279421726e-08,2.6692817545639574e-08,1.2645456442418167e-07,5.306820071515482e-08,5.122340338396732e-08,9.878221583178763e-08
F0,S95,1.1937345555400463e-07,2.8709057424996817e-08,3.27171654062468e-08,5.450866904127914e-08,7.892609387840166e-08,7.138369644856131e-08,5.222011722090507e-08
F0,S96,9.431678499388605e-08,3.129321041620006e-08,2.693171122583036e-08,2.8203427326710486e-08,7.153269927450751e-08,7.197222223155447e-08,3.6925032312068304e-08
F0,S97,8.747307098387474e-08,3.1108835112053705e-08,2.3776948983562133e-08,2.935772120473554e-08,5.4129915055649196e-08,6.215501761849214e-08,3.475356745559036e-08
F0,S98,2.2284588319844675e-07,1.1345798679372953e-07,3.3410270491721684e-08,6.467521686719193e-08,1.3368766716913372e-07,2.450191569467876e-07,6.245210446522324e-08
F0,S99,2.487468096023996e-07,87.05000758604018,4.189270593062915e-08,2.2178230854598126e-07,1.3391481089929564e-07,6.175270444812076e-07,9.636907880595697e-08
F1,S100,6.430931694158017e-08,1.766967249072924e-08,1.954618486215185e-08,2.5247533126053986e-08,4.116427017837299e-08,3.928005094892537e-08,2.8038096064531212e-08
F1,S101,6.864841340388247e-08,1.6658614792026598e-08,2.0988724969063516e-08,2.3069384546813607e-08,4.4969310546020754e-08,3.822704846621277e-08,2.7722443517616087e-08
F1,S102,7.550696052644466e-08,2.018157323205165e-08,3.193081726046671e-08,184.44198756989542,5.065691582307367e-08,4.3615783034214505e-08,4.459559798681201e-07
F1,S103,5.9526727703128233e-08,1.5415324625526837e-08,1.7347125461122566e-08,2.1951761716607218e-08,3.83768437610209e-08,3.561088493282714e-08,2.4962813821048018e-08
F1,S104,7.583328939839271e-08,2.3047959544740113e-08,2.7602648606873708e-08,6.622189729402244e-08,5.055232236542063e-08,4.668297066066236e-08,6.019719320526565e-08
F1,S105,6.38882863985396e-08,1.96366513955693e-08,2.1335287086665884e-08,2.2002271430802437e-08,4.647478890513968e-08,4.195803025736067e-08,2.7089757493436114e-08
F1,S106,6.677205234517475e-08,1.7905601372048902e-08,3.1472173261464345e-08,2.855571281000233e-08,4.6014218240055504e-08,3.91353909063202e-08,3.202620396216554e-08
F1,S107,8.741189737333436e-08,2.019177446833582e-08,3.341764826097019e-08,4.608973845650682e-08,5.841457569213751e-08,4.5086545373901415e-08,4.965285088953911e-08
F1,S108,7.42734098472471e-08,2.6041389527587616e-08,2.369315997870997e-08,2.6770340265516258e-08,4.996334792693372e-08,5.0764399857962844e-08,2.9252514127371737e-08
F1,S109,6.942855481565763e-08,2.0174965540771713e-08,2.3175816467921252e-08,2.5565010776879585e-08,4.63097293684011e-08,4.291261173713997e-08,2.9766804452503068e-08
F1,S110,6.964732551076544e-08,2.1146122805887153e-08,2.4298798576480704e-08,3.1541063395048796e-08,5.1458571016985125e-08,4.4584694921443184e-08,4.049478526190185e-08
F1,S111,6.923996881989124e-08,1.6820369075157286e-08,1.9448102992459795e-08,2.7167962824792198e-08,4.237136298875571e-08,3.8994777053853625e-08,2.9262264653285998e-08
F1,S112,6.275973070705661e-08,1.7199267517997718e-08,1.8163277153719295e-08,2.1457364466839805e-08,4.0326688189687444e-08,3.878132977382019e-08,2.4366491041683354e-08
F1,S113,9.262621393064507e-08,3.38865501724439e-08,3.066305334185629e-08,3.9399241474504775e-08,5.6241115483375135e-08,6.162724321861663e-08,3.804264281543684e-08
F1,S114,6.068538672743551e-08,1.5698273453484377e-08,1.855596423703102e-08,2.264869463237247e-08,3.9736555725211604e-08,3.603345566334055e-08,2.5299951496834424e-08
F1,S115,6.938493071594444e-08,1.7760773823000343e-08,2.2078227972690342e-08,2.600502556505082e-08,4.6218654335872235e-08,3.97546604099212e-08,3.175244688360484e-08
F1,S116,6.493806918860346e-08,1.6916047457236262e-08,2.5701986352367257e-08,2.9702832862224315e-08,5.403196068470202e-08,3.7685439736364725e-08,4.207405348321273e-08
F1,S117,7.01125259494702e-08,1.6882645656235082e-08,1.847984906038074e-08,2.2449182956750346e-08,4.1478072323278706e-08,3.888925028150186e-08,2.5749090679879545e-08
F1,S118,6.754873972053548e-08,2.1066364924666513e-08,468.61055546779926,2.4583123648955238e-08,127.86806927177207,4.2807298061122556e-08,19.13000271891893
F1,S119,1.1647534416210737e-07,1.8104760452655722e-08,3.780725426707354e-08,5.304343720701157e-07,7.069273549175451e-08,4.4309497588475425e-08,4.86089461184382e-07
F1,S120,6.457632886805104e-08,1.580430264913188e-08,1.8916202633515916e-08,2.3727455741635183e-08,4.254239447887694e-08,3.67990185808012e-08,2.7707020583808728e-08
F1,S121,7.862988717105949e-08,1.7343564730771954e-08,1.9302826616932402e-08,3.204301736313987e-08,4.3090524103750014e-08,3.9720326442403904e-08,2.975257931225663e-08
F1,S122,6.60810091699061e-08,1.5684796395189765e-08,1.9164564069452784e-08,2.165898614708045e-08,4.207955642112075e-08,3.6859915427035515e-08,2.530632899632904e-08
F1,S123,7.096173645600882e-08,1.704961489707215e-08,2.108381849743651e-08,2.5220786685058992e-08,4.36661281861728e-08,3.9281281770855926e-08,2.83343085732659e-08
F1,S124,6.524957050467923e-08,1.5823543280344215e-08,1.764542891093068e-08,2.227319440476289e-08,4.01764544837568e-08,3.704682985749553e-08,2.460696315694451e-08
F1,S125,6.155969319930864e-08,1.570302787014352e-08,1.7863370492635816e-08,2.384992045204262e-08,3.929010841332142e-08,3.6326557989137176e-08,2.6579070763115304e-08
F1,S126,7.007713948728433e-08,1.593989364971976e-08,1.903723414385273e-08,2.7855439138971784e-08,4.195849201295776e-08,3.7562276219795115e-08,3.023803640820399e-08
F1,S127,7.299207862384036e-08,1.9040280471499067e-08,2.8190771918951005e-08,8.796570263164926e-08,4.851497583278388e-08,4.145885974144943e-08,7.270288794814952e-08
F1,S128,6.951052300089052e-08,1.6119051073023683e-08,1.8189783288791453e-08,2.9867611580546256e-08,4.021130321080731e-08,3.68390577016938e-08,2.6773104622807098e-08
F1,S129,6.895296639835019e-08,1.7616605042445755e-08,2.5475274100089433e-08,3.218218167982853e-08,4.222780119550633e-08,3.876355152297084e-08,3.048193078473558e-08
F1,S130,7.411887035799774e-08,1.713122174630545e-08,1.9690767409414976e-08,2.43683159963793e-08,4.511158077910882e-08,4.05357212976243e-08,2.7456156916085966e-08
F1,S131,8.456215753521262e-08,2.2075270859984707e-08,2.7148812736314756e-08,4.296854577794974e-08,5.586449592643834e-08,4.9042349252411536e-08,4.107037084788059e-08
F1,S132,6.452853514458121e-08,1.649720916996347e-08,2.1531498994573427e-08,2.3405374262821383e-08,4.613754472530365e-08,3.757575970238626e-08,2.98835878317658e-08
F1,S133,7.512899295164727e-08,1.788017986917202e-08,2.432749181517577e-08,6.681431502570012e-07,4.6205823189126526e-08,3.988111722701391e-08,1.1015381612134928e-07
F1,S134,9.033472980707872e-08,1.7234676457901456e-08,2.3886150467891144e-08,4.137755243584908e-08,4.9288533158101326e-08,4.141316199399839e-08,4.859573188638266e-08
F1,S135,6.248932375376408e-08,1.5907887512836498e-08,1.9285097207395995e-08,2.2343681281501853e-08,4.1626299156401806e-08,3.6567116074632195e-08,2.6688721198032986e-08
F1,S136,6.992456168884889e-08,1.644725245844411e-08,1.9370696948554965e-08,2.614970223181668e-08,4.244984638007485e-08,3.821839452338795e-08,2.9475467310886282e-08
F1,S137,6.74332690846019e-08,1.5884204187031063e-08,1.7943937569217058e-08,2.435964267806057e-08,4.068612573870057e-08,3.682288666042134e-08,2.5180684081042287e-08
F1,S138,6.486572418060583e-08,1.636847921690912e-08,1.9467007991770646e-08,2.7866924988704104e-08,4.201822183820836e-08,3.717618789865322e-08,3.00225220580174e-08
F1,S139,6.29927664836813e-08,1.7031556927605822e-08,2.9140934765984998e-08,2.6793585672632584e-08,6.07652172304671e-08,3.7609419370601486e-08,4.4027828056942935e-08
F1,S140,6.538000532471275e-08,1.793337522103601e-08,2.0858589411093683e-08,3.024073854277455e-08,4.378198352941655e-08,4.003602500371666e-08,3.427115219864994e-08
F1,S141,7.585635424878657e-08,1.6087328235681073e-08,1.9802750809126623e-08,2.556777371893328e-08,4.42446726668792e-08,3.853783442536498e-08,2.771032932186515e-08
F1,S142,6.30885875712901e-08,1.6231164200193055e-08,1.9587270295327442e-08,2.2214258244784223e-08,4.2775515104648154e-08,3.715115459763615e-08,2.6361163062409863e-08
F1,S143,7.908680321535476e-08,2.3068842414533725e-08,2.8418703165780007e-08,2.6919352852758057e-08,4.9785401308286744e-08,4.823457265780671e-08,2.9413140158974514e-08
F1,S144,6.529558467410331e-08,1.716209071859188e-08,2.3630394181325975e-08,3.2255928670550454e-08,4.583486227570307e-08,3.842255938459507e-08,4.007317320969455e-08
F1,S145,6.574751312824151e-08,1.7471457257524242e-08,2.045211533816951e-08,2.438567756529425e-08,4.473331650197729e-08,3.9061474021106645e-08,3.0835344102381417e-08
F1,S146,6.701988472974291e-08,1.986872054590001e-08,2.9164848287292868e-08,3.1285211381888176e-08,5.678902267949066e-08,4.205845696457017e-08,4.929274970733351e-08
F1,S147,7.608973557011946e-08,1.857588120900204e-08,3.121297213956953e-08,6.450877650944623e-08,5.3087873131838985e-08,4.1602925079147e-08,8.471912898489332e-08
F1,S148,6.99779783080919e-08,1.756328040181867e-08,3.290567321382295e-08,1.543443575495449e-07,5.0672749555284985e-08,3.920321730010145e-08,1.8483399955013207e-07
F1,S149,7.143773411615131e-08,2.0362032418443756e-08,3.634811269342331e-08,2.6893918045868547e-08,7.789401012385357e-08,4.373676919700388e-08,4.938758757930708e-08
F1,S150,7.217484856193824e-08,1.9345773105977004e-08,2.906026151527117e-08,6.857481060894194e-08,5.4131063213056825e-08,4.289906095131163e-08,9.30660627917374e-08
F1,S151,7.348883377853525e-08,2.539908280557614e-08,2.1441980544564653e-08,2.7350813705089142e-08,4.654748925327675e-08,5.046801665909477e-08,2.8176676666185878e-08
F1,S152,6.399981713194762e-08,1.7698274828949772e-08,1.9349583649706614e-08,2.426107959446038e-08,4.2771666198123104e-08,3.9758917331433526e-08,2.7926336317689785e-08
F1,S153,6.718811128116036e-08,1.8360066284244585e-08,1.9752488371538986e-08,2.3851811250977745e-08,4.4664845918676996e-08,4.076829187946699e-08,2.792323543834286e-08
F1,S154,7.005680143642558e-08,1.6115975107175306e-08,2.278948659028849e-08,2.3237286540158697e-08,4.610737460029062e-08,3.7820707741340885e-08,2.7953008154023953e-08
F1,S155,6.148351420487958e-08,1.7256879821874283e-08,2.8441706242389886e-08,2.2166404610952276e-08,6.249649763459782e-08,3.804519026527414e-08,3.667683584600829e-08
F1,S156,8.181689545894496e-08,1.65727490982718e-08,2.1471443998071458e-08,2.5845030128833517e-08,4.518990260785778e-08,3.9708399077779236e-08,2.929860933249269e-08
F1,S157,6.236421427851973e-08,1.5741592504580758e-08,1.710984170087332e-08,2.1546164340871346e-08,3.8385166315477146e-08,3.632555094015508e-08,2.3504804329547623e-08
F1,S158,7.440056240287388e-08,1.987569680680193e-08,2.3913855944135863e-08,3.048786961404889e-08,5.0462258683672706e-08,4.3639805391835886e-08,3.5607990209648695e-08
F1,S159,7.552594991409827e-08,2.1546593928035562e-08,1.9862578835685824e-08,2.7772557543287416e-08,4.873495415177192e-08,4.872176750004712e-08,3.135994029450181e-08
F1,S160,6.620767757078211e-08,1.9153954014473367e-08,1.8189220708555874e-08,2.435402316052285e-08,4.088417593891566e-08,4.159839851078411e-08,2.7880730619727967e-08
F1,S161,7.619143537077704e-08,1.7205600981200405e-08,2.8707582861863393e-08,2.9714644695159348e-08,4.996134854481514e-08,3.9889105562621906e-08,3.589905344589929e-08
F1,S162,9.097911397060816e-08,1.8057038993659303e-08,2.6410664836173763e-08,1.1584953308866386e-07,5.1465332699689764e-08,4.1346606126136904e-08,7.787604549136128e-08
F1,S163,7.427395777008823e-08,1.872446047597989e-08,2.2015036146007374e-08,3.0506459642750556e-08,4.767121734873732e-08,4.224674957946683e-08,3.422457821338446e-08
F1,S164,6.617368910852777e-08,1.6088874404015756e-08,1.7685761446326704e-08,2.2747274626880134e-08,3.9942346013101633e-08,3.744380619561329e-08,2.4908564957125788e-08
F1,S165,7.768215796782398e-08,2.3960345558895577e-08,2.86863159936682e-08,2.5822501325869032e-08,6.273192275181619e-08,4.9518453777622603e-08,3.69384794403238e-08
F1,S166,6.058695159364645e-08,1.611359223619067e-08,1.9758616218478727e-08,2.220090523368336e-08,4.0309019461674874e-08,3.6454217631414976e-08,2.5942102295094722e-08
F1,S167,6.854640170669261e-08,1.7457839873980918e-08,2.0657170284534625e-08,2.392441464292353e-08,4.53169058980894e-08,3.979139462881467e-08,2.76626665843128e-08
F1,S168,9.570885908964575e-08,1.96435236043237e-08,2.4111291679653572e-08,2.7231293724523222e-08,5.864701399681624e-08,4.762375801949552e-08,3.331339236760902e-08
F1,S169,6.446794087933807e-08,1.601885012520534e-08,1.8452635957556224e-08,2.4786628335588362e-08,4.073864391398736e-08,3.694596228637906e-08,2.713681828659183e-08
F1,S170,6.454901118203375e-08,1.665253156465251e-08,1.7750114663006718e-08,2.267290789146308e-08,4.092744614597504e-08,3.813280797645665e-08,2.6964925852017167e-08
F1,S171,6.562727230875214e-08,1.7681891357580373e-08,1.9969578351217365e-08,2.3417314062861384e-08,4.288481412254306e-08,3.938959033169885e-08,2.7308287665329234e-08
F1,S172,8.630373250341929e-08,4.221013693449947e-08,3.084566498192807e-08,2.9834026384491855e-08,5.754104981464978e-08,6.69154122228282e-08,3.2267451482753e-08
F1,S173,7.494832483594513e-08,1.8157351372196208e-08,3.232997388895135e-08,2.5678795610485244e-08,6.13831366047925e-08,4.010269095058367e-08,4.058349654079806e-08
F1,S174,6.4057964040383e-08,1.687158366210712e-08,2.429751287088851e-08,2.4118775480915847e-08,4.878615073853335e-08,3.797427556581775e-08,3.200149486679094e-08
F1,S175,6.831897491897805e-08,1.945355221415496e-08,2.271501053882197e-08,2.4763857672851044e-08,5.046608611477335e-08,4.228912614764127e-08,3.1971693861227044e-08
F1,S176,6.831399093779588e-08,1.7652288691907033e-08,2.2160645517148103e-08,4.2897853029524234e-08,4.463938428123244e-08,3.979063551694756e-08,4.564733736434875e-08
F1,S177,7.660659808766037e-08,1.8696272384334538e-08,2.3357465706565187e-08,2.3334442584860316e-08,5.084008760783795e-08,4.156943330297302e-08,2.9409692840821897e-08
F1,S178,7.798597314908933e-08,1.7957301020596933e-08,2.4571883647121084e-08,3.122481125455129e-08,4.979951078868371e-08,4.1021157135674244e-08,3.635957559725318e-08
F1,S179,7.861914408754398e-08,1.7345922028588957e-08,2.1146715173624932e-08,2.7554406759459673e-08,4.947759818135662e-08,4.3137919417387935e-08,3.1403632552033517e-08
F1,S180,6.486431966471555e-08,1.762278652346839e-08,2.9080541763231557e-08,4.08364303315482e-08,5.3711851695970696e-08,3.8372212296152936e-08,5.686545400863496e-08
F1,S181,7.44150733023711e-08,2.122966716886329e-08,2.0643737280481704e-08,2.997130259413183e-08,4.562175335754163e-08,4.501441425208442e-08,2.9312734525175803e-08
F1,S182,6.748613538259558e-08,1.627694810114439e-08,2.0444080856134396e-08,2.676410001819147e-08,4.116648077367217e-08,3.719775227447348e-08,2.64546835115118e-08
F1,S183,6.667681730689647e-08,1.7428837775861898e-08,2.1592989379836096e-08,2.9790557141059768e-08,4.4656871227438546e-08,3.886560940312888e-08,3.4276014102613846e-08
F1,S184,7.452025841643356e-08,2.040075987541729e-08,2.2136457749520083e-08,2.667229738169491e-08,4.723032756521805e-08,4.483814001192416e-08,3.0697810525937984e-08
F1,S185,7.908952129415906e-08,1.9869426625263943e-08,3.303950391355048e-08,284.3565334868769,5.309491788711151e-08,4.345291273890095e-08,168.87383846367146
F1,S186,7.92039345412998e-08,1.5949644095623686e-08,1.961621215713209e-08,2.721187530104844e-08,4.4419696796509635e-08,3.863134429121809e-08,2.9572952997256564e-08
F1,S187,8.960479144639173e-08,2.8212267128144902e-08,2.2982913185718872e-08,3.4667132497648543e-08,5.384923362916023e-08,5.772949596702736e-08,3.34214669710313e-08
F1,S188,8.493995384126345e-08,2.0679651160254725e-08,3.8695513756450124e-08,2.0373709803055513e-07,5.96451558758696e-08,4.475734608138556e-08,5.66426604109938e-07
F1,S189,6.21683877367199e-08,1.6103533439934662e-08,2.0378750159211618e-08,3.026487919954154e-08,4.233218252166501e-08,3.6782265011065585e-08,3.5488010600763044e-08
F1,S190,1.6184627089469396e-07,1.924104668275973e-08,3.008155860661723e-08,8.882304503784722e-08,9.090047473556292e-08,6.769050436459794e-08,1.0066279874838903e-07
F1,S191,6.226019279863376e-08,1.540077636609735e-08,1.751556642412197e-08,2.1161770462108285e-08,3.916408625651853e-08,3.581570241632165e-08,2.3787547405997204e-08
F1,S192,6.553415438022834e-08,1.7349455875475243e-08,2.5852585806669147e-08,7.799601734311375e-08,4.768444142253341e-08,3.875197961128169e-08,8.868048216633638e-08
F1,S193,6.160107916614265e-08,1.595790674916045e-08,2.01736716238498e-08,2.2965624376142713e-08,4.248992771542222e-08,3.6264952187617e-08,2.766213679506452e-08
F1,S194,6.520160623509755e-08,1.795504807736039e-08,2.3297620986196618e-08,2.4526904497244578e-08,5.128976443854443e-08,3.977658596894939e-08,3.2961624609976834e-08
F1,S195,6.766051489915673e-08,1.9809713087449787e-08,2.206840321123219e-08,3.4637919807125056e-08,4.7183644209403015e-08,4.27267299079164e-08,4.135787060116267e-08
F1,S196,6.76533520743893e-08,1.706153748840262e-08,2.5355170620321044e-08,3.955544645680665e-08,4.557203025871669e-08,3.8430277533632345e-08,4.4695921169038716e-08
F1,S197,6.540275544837896e-08,1.590279507583187e-08,2.0270096562831645e-08,2.3516442893342415e-08,4.30743054086707e-08,3.657614085135837e-08,2.7048365960091638e-08
F1,S198,6.172827981191842e-08,1.6099824484392115e-08,2.1559848506507736e-08,2.1987057833476395e-08,4.71915597945358e-08,3.66401884868993e-08,2.958101473423401e-08
F1,S199,1.1521685747344722e-07,3.045542332703444e-08,2.793573726467317e-08,3.9453186307656444e-08,6.975907519603145e-08,6.963932384660606e-08,4.4318563845601446e-08
